0	0.194496	0.372361	-0.00712895	-0.799322	0.628585
1	0.205182	0.459942	-0.00962494	-0.953692	0.708557
2	0.239529	0.476372	-0.0105173	-0.986213	0.759886
3	0.202502	0.500515	-0.0098743	-1.00267	0.71453
4	0.230134	0.486123	-0.0107645	-0.981607	0.736382
5	0.230233	0.494354	-0.00795908	-0.994065	0.737902
6	0.135185	0.498316	-0.0113473	-1.00049	0.648701
7	0.154983	0.507895	-0.00971271	-1.02387	0.680671
8	0.306124	0.483934	-0.00677607	-0.992655	0.821621
9	0.206049	0.495589	-0.00960557	-1.0051	0.725162
10	0.210124	0.480776	-0.00699292	-0.988835	0.725177
11	0.284025	0.496179	-0.0104657	-0.999217	0.797529
12	0.176199	0.490804	-0.00747377	-0.997074	0.689943
13	0.198914	0.507925	-0.00964875	-1.0255	0.726133
14	0.217645	0.499787	-0.00852652	-0.987824	0.714208
15	0.181555	0.469077	-0.00808639	-0.965024	0.68559
16	0.268175	0.479004	-0.0129136	-0.969895	0.77198
17	0.239823	0.487347	-0.0126634	-0.991699	0.756839
18	0.246148	0.480481	-0.0111933	-0.973745	0.750605
19	0.209543	0.486373	-0.0104083	-0.983669	0.717248
20	0.24632	0.475389	-0.0114802	-0.977471	0.759883
21	0.208421	0.497597	-0.00922822	-0.999434	0.719486
22	0.186369	0.504111	-0.00694468	-1.02912	0.718318
23	0.197872	0.518595	-0.0116356	-1.03077	0.721684
24	0.186376	0.485308	-0.00960836	-0.989515	0.700191
25	0.123023	0.522143	-0.0143712	-1.04226	0.657511
26	0.223477	0.500384	-0.00915009	-0.985758	0.718
27	0.261965	0.49334	-0.00864566	-0.996195	0.773465
28	0.217599	0.521637	-0.0116053	-1.02746	0.735027
29	0.154245	0.51275	-0.011408	-1.01436	0.667264
30	0.298358	0.483614	-0.00982649	-0.992061	0.816632
31	0.251948	0.503822	-0.0104349	-1.02531	0.783875
32	0.234523	0.511786	-0.0113399	-1.01284	0.746914
33	0.223552	0.508767	-0.00951963	-1.02545	0.749749
34	0.232974	0.518992	-0.00990286	-1.02837	0.752252
35	0.287921	0.488537	-0.0109716	-0.986819	0.797174
36	0.219071	0.490418	-0.0102076	-0.996836	0.735696
37	0.280367	0.492673	-0.00932476	-0.99409	0.791109
38	0.271289	0.524416	-0.0120154	-1.04666	0.805552
39	0.167194	0.514027	-0.010101	-1.03493	0.698201
40	0.188283	0.52528	-0.0124977	-1.04203	0.71753
41	0.241306	0.510375	-0.00859862	-1.01108	0.750612
42	0.261932	0.504266	-0.00882081	-1.00372	0.770211
43	0.236441	0.484685	-0.00853949	-0.98242	0.742715
44	0.21567	0.494668	-0.0100035	-0.996412	0.727418
45	0.141024	0.488056	-0.0099138	-1.01262	0.675501
46	0.294705	0.467998	-0.0113453	-0.952588	0.79064
47	0.193181	0.506014	-0.00771104	-1.0147	0.70958
48	0.170427	0.513563	-0.0122341	-1.0256	0.694697
49	0.174836	0.498907	-0.0109734	-1.00194	0.688845
50	0.171155	0.484064	-0.00826756	-0.988451	0.68381
51	0.154371	0.479426	-0.00975828	-0.977181	0.661884
52	0.188186	0.471069	-0.00925332	-0.975706	0.702077
53	0.282605	0.463603	-0.00760206	-0.949039	0.775643
54	0.290023	0.512339	-0.00767611	-1.02959	0.814947
55	0.278653	0.50067	-0.0112785	-1.00326	0.792518
56	0.219704	0.494121	-0.00781393	-0.999197	0.732594
57	0.155788	0.508613	-0.00939608	-1.02509	0.681663
58	0.234849	0.507338	-0.0102986	-1.01007	0.747876
59	0.233168	0.493259	-0.00918536	-0.999714	0.748808
60	0.187628	0.500269	-0.00836598	-0.992232	0.687957
61	0.247312	0.520235	-0.00674982	-1.03408	0.767906
62	0.172042	0.519678	-0.0119955	-1.0368	0.701159
63	0.177138	0.494002	-0.0100445	-0.996144	0.689324
64	0.185617	0.500741	-0.00657485	-1.00008	0.691527
65	0.158259	0.499801	-0.0113372	-1.01621	0.686005
66	0.20143	0.480888	-0.00678492	-0.970711	0.698038
67	0.202572	0.481472	-0.00886115	-0.959518	0.689478
68	0.271174	0.469036	-0.00919288	-0.949287	0.760619
69	0.222958	0.492175	-0.0106222	-0.988916	0.730322
70	0.271712	0.493304	-0.00835534	-1.00525	0.792012
71	0.33062	0.500096	-0.0104108	-0.994986	0.83592
72	0.268915	0.49184	-0.00985276	-1.01256	0.79949
73	0.187814	0.504139	-0.00998326	-1.02191	0.715566
74	0.188233	0.504047	-0.0114097	-1.0046	0.700196
75	0.212369	0.490684	-0.00984257	-0.979395	0.710923
76	0.215264	0.497825	-0.00998022	-0.994496	0.721916
77	0.140198	0.506159	-0.0092317	-1.00942	0.652692
78	0.253486	0.49287	-0.00810262	-0.983744	0.752463
79	0.188372	0.491364	-0.00614649	-0.992329	0.695483
80	0.209045	0.487663	-0.00946516	-1.00246	0.73331
81	0.201936	0.479217	-0.00759743	-0.968106	0.698423
82	0.28247	0.507907	-0.0114951	-0.995589	0.781646
83	0.255103	0.512117	-0.0123181	-1.0247	0.780009
84	0.206574	0.500451	-0.0091983	-1.01969	0.735008
85	0.226974	0.504562	-0.0111716	-1.01248	0.746063
86	0.258259	0.499617	-0.0114757	-0.992121	0.762238
87	0.281867	0.498882	-0.00892386	-0.99705	0.788959
88	0.263412	0.468211	-0.00966037	-0.954629	0.75949
89	0.268091	0.478392	-0.00968224	-0.958444	0.757825
90	0.188949	0.500782	-0.0093261	-1.00273	0.700222
91	0.132062	0.491504	-0.0113025	-1.00938	0.661244
92	0.24919	0.506824	-0.0119675	-1.0237	0.778031
93	0.24976	0.499653	-0.00827544	-1.00554	0.763924
94	0.237566	0.498085	-0.00858831	-1.01815	0.766222
95	0.175944	0.496171	-0.00758652	-1.007	0.694362
96	0.282984	0.504297	-0.0115682	-1.00678	0.797034
97	0.230543	0.466773	-0.00742879	-0.957785	0.728984
98	0.267356	0.49474	-0.00907868	-1.00298	0.784678
99	0.209258	0.494404	-0.00813141	-0.994045	0.717031
100	0.240762	0.49115	-0.0103897	-1.00435	0.764354
101	0.166625	0.495586	-0.00829176	-1.01164	0.69097
102	0.223271	0.48759	-0.00930544	-0.991812	0.736798
103	0.265107	0.492191	-0.011452	-1.00593	0.790298
104	0.149976	0.473828	-0.0118068	-0.960532	0.648487
105	0.240474	0.477668	-0.00643685	-0.980637	0.74988
106	0.186872	0.486309	-0.0120272	-0.967187	0.679777
107	0.225196	0.496472	-0.00767524	-0.998722	0.735122
108	0.26062	0.49802	-0.0105123	-0.990144	0.763256
109	0.21776	0.487722	-0.0105015	-0.98704	0.72758
110	0.257047	0.481818	-0.00795152	-0.979695	0.762876
111	0.241679	0.485299	-0.00880674	-0.990872	0.756059
112	0.263233	0.494291	-0.00872832	-0.987266	0.764937
113	0.271197	0.496926	-0.0117158	-0.994643	0.780631
114	0.177953	0.519458	-0.01115	-1.02257	0.692217
115	0.179038	0.508469	-0.0109758	-1.0211	0.702648
116	0.254421	0.473367	-0.00750135	-0.981647	0.770202
117	0.189673	0.508883	-0.0128988	-1.01299	0.70668
118	0.256273	0.499299	-0.00949594	-0.996028	0.762498
119	0.262556	0.462322	-0.00881523	-0.954119	0.763168
120	0.188475	0.477805	-0.00682624	-0.970126	0.687623
121	0.263036	0.490715	-0.0114921	-0.980715	0.764528
122	0.183515	0.495887	-0.0106261	-1.00072	0.698972
123	0.290315	0.480193	-0.0089466	-0.977445	0.796513
124	0.265919	0.47971	-0.00904932	-0.967233	0.762491
125	0.304648	0.485719	-0.0100541	-0.981435	0.810418
126	0.209274	0.495742	-0.0086299	-1.01102	0.73318
127	0.222531	0.494446	-0.0110296	-0.989621	0.728736
128	0.218026	0.499585	-0.0097749	-0.986053	0.714269
129	0.256096	0.489788	-0.00851566	-0.990329	0.765153
130	0.232308	0.487428	-0.0104817	-0.984878	0.74024
131	0.227579	0.502745	-0.0104648	-1.00968	0.744984
132	0.146046	0.504868	-0.0108429	-1.01933	0.671349
133	0.174698	0.505888	-0.00957545	-1.01342	0.691805
134	0.193017	0.497681	-0.010028	-0.998241	0.703604
135	0.201223	0.501523	-0.00832796	-1.01017	0.718198
136	0.201579	0.511096	-0.00837624	-1.01302	0.711878
137	0.373349	0.484077	-0.00961282	-0.980471	0.879355
138	0.239166	0.464937	-0.00855059	-0.962279	0.745059
139	0.232118	0.492281	-0.00976329	-0.992906	0.742507
140	0.238456	0.506376	-0.0099767	-1.00947	0.751523
141	0.184941	0.499831	-0.0122171	-1.00517	0.702497
142	0.216149	0.515954	-0.00951458	-1.01722	0.726927
143	0.133033	0.49588	-0.00930582	-0.9905	0.636959
144	0.251654	0.495111	-0.0107413	-0.998592	0.765877
145	0.196337	0.498385	-0.0100839	-1.00538	0.713416
146	0.146613	0.495909	-0.00986129	-0.992328	0.652894
147	0.183668	0.484089	-0.010122	-0.987128	0.696828
148	0.184614	0.47095	-0.00831902	-0.96457	0.686554
149	0.292495	0.487759	-0.00788248	-0.980363	0.792982
150	0.228655	0.49073	-0.0100555	-0.996554	0.744535
151	0.236862	0.496127	-0.00723966	-0.998767	0.746742
152	0.287196	0.518949	-0.0102275	-1.02366	0.802137
153	0.191056	0.481723	-0.011969	-0.96152	0.682822
154	0.207498	0.504864	-0.00675452	-1.01439	0.723779
155	0.250727	0.539685	-0.0127641	-1.05548	0.779281
156	0.151738	0.522504	-0.012175	-1.02349	0.6649
157	0.133525	0.49208	-0.0123832	-0.994405	0.648234
158	0.17352	0.523333	-0.0111765	-1.02916	0.690521
159	0.178657	0.470935	-0.0117488	-0.970981	0.690452
160	0.199337	0.501685	-0.0088256	-1.00974	0.716221
161	0.206177	0.488779	-0.00757289	-0.97735	0.702321
162	0.217775	0.49102	-0.00852359	-1.00178	0.73706
163	0.144926	0.502447	-0.0084974	-1.02847	0.679446
164	0.163803	0.485953	-0.0119637	-0.974236	0.66405
165	0.258495	0.507499	-0.0136337	-1.01401	0.778635
166	0.192783	0.49696	-0.0117655	-1.00322	0.710811
167	0.176854	0.483474	-0.00789125	-0.979895	0.681165
168	0.235733	0.477769	-0.00849724	-0.963528	0.72999
169	0.226685	0.502273	-0.0082353	-0.999303	0.731951
170	0.314722	0.524754	-0.00746626	-1.03713	0.834561
171	0.287011	0.494538	-0.00944955	-0.996079	0.798002
172	0.166948	0.490187	-0.00779824	-0.978285	0.662843
173	0.13064	0.490808	-0.00801825	-0.986579	0.634429
174	0.169869	0.508495	-0.0110854	-1.03039	0.702853
175	0.150047	0.5042	-0.0124946	-1.02664	0.684978
176	0.20744	0.483286	-0.00807762	-0.971902	0.704134
177	0.241603	0.48244	-0.00878662	-0.976075	0.744024
178	0.156091	0.50316	-0.0119845	-1.01555	0.680466
179	0.245449	0.472623	-0.0101028	-0.963275	0.746204
180	0.273	0.48458	-0.00956547	-0.972061	0.770046
181	0.190022	0.496835	-0.00819694	-0.998621	0.700004
182	0.248616	0.487288	-0.0107985	-0.987331	0.759457
183	0.253872	0.505851	-0.00890372	-0.98875	0.745675
184	0.226455	0.504494	-0.00858092	-0.998352	0.728895
185	0.241263	0.534852	-0.00931326	-1.0393	0.755024
186	0.228921	0.493892	-0.0113036	-0.985985	0.732318
187	0.18804	0.510403	-0.00913556	-1.03142	0.718189
188	0.270375	0.497629	-0.00962665	-0.999105	0.781478
189	0.254669	0.487225	-0.0108736	-0.989113	0.76743
190	0.24796	0.474641	-0.00764632	-0.964057	0.745023
191	0.27933	0.484152	-0.00777034	-0.97611	0.779059
192	0.209591	0.521879	-0.0114054	-1.04116	0.740274
193	0.158219	0.51246	-0.0122846	-1.02612	0.684166
194	0.242707	0.522379	-0.0113195	-1.03151	0.763155
195	0.205475	0.513403	-0.00710777	-1.03193	0.73111
196	0.208657	0.525772	-0.0100734	-1.03054	0.723503
197	0.289182	0.536641	-0.00809789	-1.04569	0.806326
198	0.292542	0.543788	-0.00846357	-1.03998	0.797197
199	0.194086	0.531622	-0.00677555	-1.04023	0.709467
200	0.2118	0.540859	-0.00880628	-1.06441	0.744156
201	0.239107	0.533702	-0.0125217	-1.03881	0.756741
202	0.249181	0.491779	-0.00916916	-0.992862	0.759433
203	0.228384	0.464595	-0.00656082	-0.952472	0.722822
204	0.292959	0.491549	-0.0113015	-0.988288	0.800999
205	0.253355	0.529173	-0.0123911	-1.04265	0.779224
206	0.215471	0.505439	-0.00971041	-1.01596	0.735704
207	0.219517	0.51781	-0.0105246	-1.04102	0.753248
208	0.214794	0.526768	-0.0124736	-1.04445	0.744954
209	0.1898	0.519961	-0.0106414	-1.04339	0.723867
210	0.233795	0.495376	-0.00730865	-0.998822	0.744549
211	0.219578	0.511906	-0.00715652	-1.0306	0.745432
212	0.209535	0.501424	-0.00638225	-1.00009	0.714587
213	0.249381	0.502673	-0.00825712	-1.00858	0.763543
214	0.213091	0.487638	-0.00945913	-0.995926	0.730837
215	0.280032	0.491114	-0.00943261	-0.975277	0.773628
216	0.197868	0.507787	-0.0101461	-1.01845	0.718673
217	0.280523	0.490545	-0.0122447	-1.00186	0.804082
218	0.219016	0.494977	-0.0116822	-1.01045	0.746167
219	0.236049	0.507886	-0.00779361	-1.00101	0.736966
220	0.250501	0.481089	-0.00978298	-0.96978	0.748975
221	0.167778	0.492137	-0.012905	-0.991701	0.680247
222	0.23577	0.493014	-0.00806016	-0.992117	0.742933
223	0.28459	0.481972	-0.0096068	-0.971776	0.784
224	0.236613	0.492674	-0.00746826	-0.992289	0.743696
225	0.24886	0.517054	-0.0128371	-1.0239	0.768544
226	0.24809	0.510828	-0.0108909	-1.03026	0.77841
227	0.192347	0.499095	-0.00924461	-1.00093	0.703427
228	0.260888	0.492584	-0.0109047	-1.00104	0.780243
229	0.194254	0.48549	-0.00648441	-0.982925	0.698174
230	0.165806	0.459036	-0.00872565	-0.96261	0.678106
231	0.243553	0.474194	-0.00998476	-0.95828	0.737623
232	0.263847	0.476044	-0.00765046	-0.954639	0.750092
233	0.244823	0.508977	-0.00923126	-1.02142	0.766502
234	0.150646	0.501568	-0.0117948	-1.00902	0.669892
235	0.215609	0.500083	-0.00955563	-0.991803	0.716884
236	0.299473	0.502597	-0.00926256	-1.0005	0.806637
237	0.211599	0.52041	-0.0123269	-1.04535	0.748864
238	0.21349	0.487393	-0.011384	-0.994314	0.731795
239	0.182185	0.512253	-0.0127246	-1.02809	0.710751
240	0.197702	0.524287	-0.0109664	-1.04393	0.728312
241	0.237287	0.499532	-0.0115931	-1.02607	0.775416
242	0.276366	0.520551	-0.0108494	-1.03311	0.799773
243	0.236047	0.512758	-0.0118013	-1.01035	0.74544
244	0.243699	0.470386	-0.0106586	-0.9503	0.734271
245	0.189987	0.483324	-0.012566	-0.979066	0.698294
246	0.224002	0.476438	-0.0083205	-0.972586	0.728471
247	0.234825	0.474569	-0.010327	-0.969374	0.739958
248	0.203651	0.482738	-0.0104117	-0.97392	0.705245
249	0.240092	0.484205	-0.0111998	-0.981107	0.748193
250	0.206126	0.49205	-0.00905761	-0.98613	0.709264
251	0.20365	0.490239	-0.0109981	-0.992347	0.716756
252	0.222984	0.519512	-0.00952431	-1.02794	0.740938
253	0.221763	0.512933	-0.0099863	-1.01544	0.734259
254	0.223579	0.515328	-0.0100741	-1.04576	0.764081
255	0.250128	0.530326	-0.00887694	-1.05334	0.782022
256	0.211338	0.518939	-0.00901757	-1.0256	0.727019
257	0.157565	0.50168	-0.00847757	-1.00125	0.665612
258	0.262402	0.497781	-0.0100702	-0.998839	0.77353
259	0.193645	0.506001	-0.0129294	-1.02427	0.724847
260	0.182139	0.499752	-0.00887723	-1.00307	0.694331
261	0.309878	0.489218	-0.00878496	-0.985928	0.815372
262	0.25963	0.501326	-0.00393675	-0.994732	0.756973
263	0.25908	0.471829	-0.00621952	-0.979205	0.772676
264	0.219361	0.468942	-0.00989801	-0.961335	0.721652
265	0.216412	0.503771	-0.0103495	-0.991716	0.714707
266	0.169687	0.487175	-0.0087816	-0.965924	0.657218
267	0.230634	0.497198	-0.0121557	-0.989365	0.734957
268	0.167513	0.525899	-0.0108555	-1.05739	0.709857
269	0.185336	0.535622	-0.00972005	-1.05217	0.711603
270	0.211297	0.511104	-0.00694865	-1.01154	0.718686
271	0.174112	0.509701	-0.0093735	-1.01141	0.68519
272	0.233312	0.495323	-0.00904115	-0.9986	0.74563
273	0.156076	0.496642	-0.0110281	-1.02166	0.692119
274	0.236606	0.507454	-0.0120833	-1.0211	0.762332
275	0.260964	0.489208	-0.00997563	-0.985735	0.767467
276	0.284874	0.501338	-0.00912576	-0.995199	0.787862
277	0.251328	0.500754	-0.0106872	-1.00601	0.767273
278	0.201061	0.519395	-0.0114409	-1.02359	0.716695
279	0.182409	0.496246	-0.0101269	-1.00248	0.69877
280	0.224588	0.509899	-0.00831465	-1.02734	0.750344
281	0.222248	0.476852	-0.00954282	-0.981311	0.736249
282	0.207941	0.504842	-0.0102265	-1.00216	0.715487
283	0.132399	0.487044	-0.0102086	-0.980314	0.635878
284	0.224695	0.468387	-0.00877985	-0.960804	0.725891
285	0.198966	0.487576	-0.00941364	-0.999167	0.719971
286	0.168117	0.50456	-0.0100508	-1.0188	0.692405
287	0.111826	0.509187	-0.00966773	-1.02087	0.633178
288	0.278551	0.506878	-0.011322	-1.01763	0.800629
289	0.208886	0.514854	-0.00857949	-1.02936	0.731976
290	0.15089	0.493843	-0.0100505	-0.995512	0.662609
291	0.152674	0.506117	-0.00868432	-1.02898	0.684226
292	0.257129	0.516856	-0.0107908	-1.0122	0.763259
293	0.237799	0.51255	-0.0107875	-1.02715	0.763186
294	0.257677	0.493737	-0.00902115	-0.99635	0.769312
295	0.270752	0.473483	-0.0066981	-0.973653	0.777621
296	0.220091	0.491205	-0.00913765	-0.995648	0.733672
297	0.212871	0.465585	-0.00640353	-0.958651	0.712341
298	0.135075	0.488873	-0.00946546	-1.00231	0.65798
299	0.157411	0.483215	-0.008849	-0.997057	0.680101
300	0.268984	0.490643	-0.0108455	-0.978485	0.767671
301	0.187075	0.493002	-0.0141858	-0.995309	0.703567
302	0.17575	0.48259	-0.00911243	-0.993108	0.695381
303	0.252711	0.491539	-0.0107352	-0.988826	0.760733
304	0.227078	0.502169	-0.0101478	-1.01105	0.746108
305	0.145889	0.498462	-0.0103481	-1.00272	0.660494
306	0.213792	0.493984	-0.00982005	-0.991814	0.721443
307	0.25552	0.494533	-0.0105263	-1.00234	0.773856
308	0.266539	0.49888	-0.00899745	-1.01739	0.794052
309	0.271205	0.483368	-0.00818387	-0.981836	0.777857
310	0.233751	0.487848	-0.0122318	-0.982583	0.740717
311	0.244999	0.517115	-0.0110818	-1.04701	0.785978
312	0.262447	0.483488	-0.00857532	-0.989982	0.777517
313	0.170115	0.492757	-0.00822248	-0.994723	0.680303
314	0.225687	0.500044	-0.00682844	-1.01868	0.751148
315	0.184266	0.486736	-0.00876373	-0.995572	0.701866
316	0.199824	0.502154	-0.0110773	-1.005	0.71375
317	0.219122	0.532404	-0.0126459	-1.02032	0.719687
318	0.229382	0.535581	-0.0127868	-1.05262	0.759208
319	0.201458	0.509204	-0.00844554	-1.02068	0.721379
320	0.190666	0.540268	-0.00974104	-1.05738	0.717524
321	0.240181	0.51362	-0.0125816	-1.01833	0.757474
322	0.197421	0.506054	-0.0119938	-1.02839	0.731746
323	0.226003	0.488551	-0.00843403	-0.987743	0.733628
324	0.206706	0.491326	-0.00661625	-0.991378	0.713374
325	0.205021	0.48419	-0.00925792	-0.981541	0.71163
326	0.137658	0.497354	-0.00917538	-0.995312	0.644792
327	0.206342	0.503557	-0.0106701	-1.0023	0.715756
328	0.229168	0.483043	-0.0103591	-0.978594	0.735078
329	0.169479	0.499531	-0.0123751	-1.01194	0.694263
330	0.188394	0.501423	-0.011377	-1.00529	0.703641
331	0.138575	0.516036	-0.00889106	-1.02503	0.656463
332	0.30486	0.498331	-0.0107584	-0.989679	0.806966
333	0.23545	0.479469	-0.00890115	-0.964539	0.729421
334	0.201931	0.469964	-0.0100314	-0.965306	0.707304
335	0.160006	0.4815	-0.0141662	-0.992167	0.684839
336	0.236433	0.470975	-0.0101942	-0.965739	0.741391
337	0.202991	0.490149	-0.00933876	-1.00743	0.729615
338	0.17492	0.495325	-0.0110698	-1.00952	0.700189
339	0.162387	0.500408	-0.00971103	-1.02488	0.696571
340	0.230646	0.471405	-0.00825258	-0.951392	0.718885
341	0.246617	0.483324	-0.00899247	-0.98628	0.758565
342	0.345791	0.469119	-0.00762034	-0.96711	0.851403
343	0.237426	0.485796	-0.00945037	-0.987327	0.748407
344	0.219765	0.476115	-0.00823663	-0.971069	0.722955
345	0.152215	0.520215	-0.0107266	-1.03297	0.675693
346	0.264023	0.481989	-0.00996302	-0.986604	0.778602
347	0.145868	0.501762	-0.0082628	-1.00825	0.660617
348	0.187312	0.497802	-0.0109446	-1.00854	0.708999
349	0.179459	0.514508	-0.009084	-1.02507	0.699104
350	0.24438	0.495908	-0.0106409	-0.99093	0.750043
351	0.173301	0.499775	-0.0110655	-1.00813	0.692718
352	0.222103	0.493472	-0.00989056	-0.987329	0.72585
353	0.221623	0.468179	-0.00482436	-0.95431	0.712579
354	0.229361	0.48514	-0.0100604	-0.984694	0.738975
355	0.166308	0.496716	-0.00844694	-0.986092	0.664131
356	0.185531	0.506776	-0.00942386	-1.02653	0.714711
357	0.210759	0.51034	-0.00896715	-1.00645	0.715835
358	0.209912	0.474642	-0.00875403	-0.958768	0.702792
359	0.242835	0.493429	-0.0093979	-0.982551	0.741355
360	0.230009	0.502046	-0.0125003	-1.01272	0.753184
361	0.183733	0.489894	-0.0102746	-0.991507	0.695621
362	0.242813	0.481882	-0.0103734	-0.974966	0.746271
363	0.237467	0.512546	-0.0106331	-1.01556	0.75111
364	0.225849	0.51793	-0.0101103	-1.03551	0.753534
365	0.219278	0.509859	-0.0105597	-1.00472	0.724698
366	0.271082	0.50483	-0.00870807	-1.0002	0.775165
367	0.13697	0.503547	-0.0106427	-1.01225	0.656314
368	0.274292	0.529677	-0.00944117	-1.04877	0.802824
369	0.205663	0.523449	-0.00982996	-1.035	0.727042
370	0.183624	0.487364	-0.00656604	-0.990195	0.693021
371	0.204393	0.492031	-0.00881496	-0.992721	0.713898
372	0.259211	0.495399	-0.00684457	-0.998597	0.769254
373	0.258737	0.460587	-0.00757749	-0.947598	0.753326
374	0.237454	0.453323	-0.00963141	-0.947231	0.740993
375	0.205758	0.465741	-0.00651145	-0.950921	0.69745
376	0.166958	0.475226	-0.0109441	-0.989065	0.691742
377	0.196549	0.490674	-0.0109483	-1.00441	0.721238
378	0.262549	0.51441	-0.00965445	-1.0366	0.794392
379	0.215761	0.519067	-0.0102859	-1.03838	0.745357
380	0.321407	0.476528	-0.00885816	-0.945647	0.799384
381	0.224338	0.50806	-0.0100368	-1.01023	0.736541
382	0.249616	0.496462	-0.00959981	-0.996455	0.759208
383	0.17976	0.489882	-0.00880596	-0.98539	0.684073
384	0.266928	0.50498	-0.0117281	-1.00262	0.776299
385	0.207288	0.499735	-0.0085667	-1.00571	0.721833
386	0.268	0.517777	-0.00982618	-1.03063	0.790683
387	0.183869	0.51325	-0.0125486	-1.02086	0.704028
388	0.165118	0.515626	-0.0118951	-1.04201	0.703399
389	0.255848	0.519361	-0.0091374	-1.0155	0.761127
390	0.266521	0.509247	-0.0083397	-1.01888	0.784494
391	0.186554	0.50924	-0.0095156	-1.02266	0.709492
392	0.194998	0.51006	-0.00834523	-1.02297	0.716254
393	0.233458	0.494363	-0.00827602	-0.992821	0.740192
394	0.234782	0.493789	-0.0109649	-0.987048	0.739006
395	0.174173	0.509239	-0.00730225	-1.02945	0.701691
396	0.230345	0.519125	-0.00958067	-1.03571	0.756515
397	0.227609	0.482023	-0.00778879	-0.989555	0.74293
398	0.1861	0.487131	-0.0117664	-0.997259	0.707995
399	0.217197	0.487024	-0.00930949	-0.984442	0.723925
400	0.176585	0.473626	-0.00854139	-0.987312	0.698812
401	0.23902	0.488022	-0.0104161	-0.989944	0.751359
402	0.193742	0.501719	-0.00688143	-1.00187	0.700772
403	0.289	0.494423	-0.00809074	-1.0037	0.806371
404	0.264413	0.482175	-0.00975113	-0.99525	0.787239
405	0.222799	0.493316	-0.0115807	-0.981607	0.722671
406	0.216082	0.467678	-0.010896	-0.969302	0.728601
407	0.217021	0.476024	-0.0103305	-0.973736	0.725064
408	0.205806	0.493388	-0.00775472	-0.997307	0.71748
409	0.235519	0.473493	-0.00801826	-0.972317	0.742361
410	0.171622	0.471338	-0.00953241	-0.970023	0.679839
411	0.23172	0.478636	-0.0098075	-0.972312	0.735203
412	0.195326	0.491879	-0.0100551	-0.983656	0.697157
413	0.197903	0.503232	-0.0115781	-1.00767	0.71392
414	0.256542	0.487368	-0.00968984	-0.983381	0.762245
415	0.238881	0.478395	-0.00607938	-0.976289	0.742855
416	0.236382	0.489824	-0.00900487	-0.988035	0.743598
417	0.187831	0.507709	-0.010461	-1.00603	0.696609
418	0.274643	0.507664	-0.0109373	-1.01893	0.796849
419	0.206137	0.498506	-0.00773462	-1.00429	0.719656
420	0.180334	0.511075	-0.00856268	-1.0248	0.702625
421	0.188752	0.517711	-0.0121717	-1.04989	0.733098
422	0.227636	0.499491	-0.013618	-0.996147	0.73791
423	0.137504	0.488766	-0.0111241	-0.995595	0.655458
424	0.235733	0.490124	-0.0131812	-0.98822	0.747011
425	0.246314	0.473695	-0.00887601	-0.95803	0.739524
426	0.189103	0.483705	-0.007132	-0.960117	0.672647
427	0.287714	0.489946	-0.0110581	-0.997997	0.806823
428	0.157658	0.510416	-0.0107783	-1.02706	0.685077
429	0.202348	0.491061	-0.0102464	-0.991741	0.713274
430	0.235504	0.495713	-0.0112004	-0.993907	0.744899
431	0.237191	0.510962	-0.0144676	-1.02626	0.766957
432	0.229962	0.499864	-0.011148	-1.00061	0.741853
433	0.179182	0.498273	-0.00913294	-1.00317	0.693215
434	0.210801	0.494083	-0.0126123	-0.983049	0.712379
435	0.261352	0.473908	-0.0080267	-0.95297	0.748441
436	0.119682	0.498951	-0.0126937	-1.01029	0.643717
437	0.275233	0.499013	-0.00885109	-1.00775	0.792821
438	0.280447	0.509332	-0.00711126	-1.01908	0.797308
439	0.218901	0.491757	-0.00653514	-0.989756	0.723435
440	0.266456	0.489186	-0.00925892	-0.987838	0.774367
441	0.268174	0.495899	-0.00923462	-1.00643	0.787941
442	0.202649	0.502044	-0.00921779	-1.00846	0.718277
443	0.186383	0.49696	-0.00829748	-0.995049	0.69277
444	0.142899	0.480479	-0.0089285	-0.980499	0.651847
445	0.243519	0.506524	-0.0110021	-1.02001	0.768008
446	0.284876	0.497993	-0.010521	-0.999919	0.797323
447	0.307602	0.500538	-0.00897419	-0.999491	0.81553
448	0.274718	0.48754	-0.008043	-0.992822	0.788043
449	0.272798	0.477444	-0.00861113	-0.969427	0.773393
450	0.158748	0.491471	-0.00861477	-0.992582	0.668474
451	0.221384	0.496143	-0.0101265	-0.995263	0.730629
452	0.198282	0.4998	-0.0115041	-1.00707	0.717057
453	0.233691	0.467977	-0.0099311	-0.966919	0.742565
454	0.253878	0.497369	-0.00897179	-1.01352	0.779001
455	0.244057	0.507023	-0.00711475	-1.01393	0.75808
456	0.185913	0.507947	-0.00891255	-1.01466	0.70154
457	0.194342	0.521878	-0.0106777	-1.01973	0.702875
458	0.177651	0.498879	-0.00945504	-1.00957	0.697799
459	0.227314	0.50408	-0.00935812	-1.00718	0.739768
460	0.288662	0.491082	-0.00675365	-0.967561	0.771894
461	0.250795	0.503776	-0.0128646	-0.999999	0.759882
462	0.235898	0.516972	-0.0123132	-1.04343	0.774668
463	0.205631	0.489832	-0.00878301	-0.984928	0.70951
464	0.184221	0.498962	-0.00743923	-0.998754	0.691453
465	0.195669	0.490971	-0.0088424	-0.999046	0.712587
466	0.32922	0.490499	-0.00807079	-0.985479	0.832271
467	0.300633	0.484149	-0.00826321	-0.973551	0.798298
468	0.187155	0.505858	-0.00809978	-1.00685	0.696249
469	0.231257	0.499563	-0.0122959	-1.01272	0.756711
470	0.206585	0.493208	-0.0105255	-1.00267	0.726575
471	0.170324	0.496721	-0.00882278	-1.00926	0.691685
472	0.246148	0.480048	-0.0117353	-0.9693	0.747135
473	0.177194	0.49458	-0.0074229	-0.990458	0.680496
474	0.206977	0.471537	-0.00919719	-0.96818	0.712818
475	0.207108	0.50506	-0.0113749	-1.00129	0.714717
476	0.217245	0.492182	-0.0136238	-0.999871	0.738558
477	0.219472	0.496579	-0.00987011	-0.999138	0.731901
478	0.237055	0.484456	-0.0113885	-0.988781	0.752768
479	0.187963	0.498606	-0.0118875	-1.00928	0.710527
480	0.212564	0.484339	-0.0070776	-0.974164	0.709466
481	0.169345	0.486619	-0.00957188	-0.992781	0.685079
482	0.239205	0.482062	-0.00733946	-0.981711	0.746193
483	0.190075	0.489405	-0.00947745	-0.975677	0.685824
484	0.247324	0.485647	-0.00905555	-0.99019	0.760923
485	0.267836	0.492302	-0.0081332	-0.987405	0.771072
486	0.218185	0.507791	-0.0104943	-1.01379	0.734673
487	0.214972	0.504907	-0.00983406	-1.0235	0.743404
488	0.245262	0.52721	-0.0099204	-1.04587	0.77384
489	0.167094	0.497182	-0.0096965	-0.989813	0.669422
490	0.222411	0.500598	-0.0102704	-0.999769	0.731852
491	0.174206	0.514125	-0.0119342	-1.02744	0.699458
492	0.225415	0.481696	-0.00580297	-0.972478	0.722
493	0.228107	0.484716	-0.0100394	-0.96964	0.723071
494	0.268808	0.472031	-0.0094002	-0.955972	0.762149
495	0.174914	0.506462	-0.0123464	-1.01252	0.693314
496	0.200531	0.522801	-0.0107937	-1.04945	0.737969
497	0.240187	0.513597	-0.0102711	-1.02587	0.762729
498	0.165303	0.486093	-0.00850757	-0.9825	0.670218
499	0.186414	0.485972	-0.0102548	-0.997738	0.708435
500	0.23116	0.48926	-0.00795019	-0.988968	0.738818
501	0.241266	0.486419	-0.0124459	-0.983498	0.750791
502	0.2562	0.476994	-0.00866661	-0.960476	0.748349
503	0.184976	0.484885	-0.0114553	-1.00271	0.71426
504	0.176307	0.482214	-0.0104742	-0.980678	0.685245
505	0.163327	0.478927	-0.0124306	-0.972706	0.669536
506	0.268088	0.488013	-0.00777653	-0.991623	0.779475
507	0.207078	0.505506	-0.00847622	-1.00862	0.71867
508	0.192376	0.515411	-0.00840495	-1.03674	0.722112
509	0.206279	0.522361	-0.0093948	-1.03387	0.727185
510	0.241257	0.49629	-0.0110874	-1.00039	0.756447
511	0.162402	0.471411	-0.00939675	-0.975161	0.675549
512	0.296177	0.481188	-0.00816184	-0.98399	0.807141
513	0.215451	0.502374	-0.00748647	-1.01781	0.738374
514	0.188349	0.491475	-0.00703483	-0.996691	0.7006
515	0.263587	0.477794	-0.00789207	-0.981658	0.775343
516	0.280409	0.470022	-0.00872021	-0.958464	0.777571
517	0.153959	0.483158	-0.00766054	-0.986165	0.664626
518	0.160433	0.506283	-0.00994906	-1.0217	0.685797
519	0.321129	0.50109	-0.0125843	-1.00763	0.840255
520	0.230998	0.506806	-0.010447	-1.01314	0.747778
521	0.196459	0.510369	-0.00869649	-1.02086	0.715648
522	0.221374	0.480947	-0.0078577	-0.963033	0.711317
523	0.199177	0.499541	-0.00907077	-0.993828	0.702534
524	0.194557	0.476116	-0.00924106	-0.974612	0.702293
525	0.238698	0.502404	-0.00869711	-1.0048	0.749787
526	0.25227	0.496347	-0.00870462	-0.988883	0.753511
527	0.204293	0.504096	-0.00863582	-1.01262	0.721455
528	0.231907	0.487928	-0.00896567	-0.998512	0.751457
529	0.20862	0.503023	-0.00950337	-1.02149	0.736591
530	0.177529	0.501443	-0.00848157	-1.00346	0.688028
531	0.326257	0.493305	-0.00785774	-0.976116	0.816926
532	0.260544	0.499758	-0.0124504	-1.01358	0.786816
533	0.229116	0.535742	-0.00919906	-1.06155	0.764127
534	0.209074	0.524672	-0.0125127	-1.03143	0.728345
535	0.188589	0.497837	-0.0111944	-0.989132	0.691078
536	0.18429	0.50148	-0.0107636	-1.00642	0.699997
537	0.243282	0.481711	-0.00565966	-0.969653	0.736883
538	0.353356	0.491606	-0.00837211	-0.997783	0.867906
539	0.265019	0.488925	-0.00726623	-0.983177	0.766537
540	0.276813	0.512331	-0.0123518	-1.01003	0.786865
541	0.202682	0.478474	-0.00845919	-0.980065	0.712733
542	0.260388	0.454744	-0.00704323	-0.945903	0.75859
543	0.181538	0.503954	-0.0085334	-1.02168	0.707801
544	0.191876	0.49157	-0.0113906	-0.995387	0.707084
545	0.224249	0.492558	-0.0123192	-1.00002	0.744026
546	0.256691	0.493766	-0.0101467	-0.977764	0.750837
547	0.218587	0.503636	-0.0101077	-1.00188	0.726943
548	0.180388	0.500159	-0.00861847	-0.9997	0.688547
549	0.264132	0.482852	-0.00927734	-0.984587	0.775144
550	0.284788	0.475983	-0.00978429	-0.979142	0.797731
551	0.200993	0.496448	-0.0121535	-1.00749	0.72419
552	0.156164	0.504005	-0.0101199	-1.00818	0.67046
553	0.191466	0.491431	-0.00902152	-0.987123	0.696179
554	0.211392	0.498653	-0.00686664	-0.997259	0.716865
555	0.247425	0.469635	-0.00784386	-0.972509	0.758143
556	0.219125	0.50201	-0.0115134	-1.01654	0.745167
557	0.196766	0.507998	-0.00826443	-1.01859	0.715625
558	0.198337	0.508949	-0.0133359	-1.01783	0.720549
559	0.188826	0.514918	-0.0109615	-1.03038	0.715249
560	0.212659	0.506576	-0.009644	-1.02215	0.737878
561	0.219967	0.494331	-0.0093824	-0.982696	0.717714
562	0.172259	0.49153	-0.0103713	-0.999253	0.690354
563	0.242609	0.506149	-0.00809275	-0.992755	0.737308
564	0.201791	0.523362	-0.0122031	-1.02898	0.719615
565	0.198747	0.493231	-0.0109292	-1.01238	0.728828
566	0.196692	0.496134	-0.00956679	-1.00531	0.715439
567	0.226443	0.485585	-0.00959623	-0.975947	0.7264
568	0.232466	0.500059	-0.00556862	-1.02146	0.759436
569	0.238803	0.492457	-0.0106778	-0.996949	0.753972
570	0.146985	0.492317	-0.0102741	-0.993503	0.658445
571	0.277192	0.487003	-0.00969108	-0.958245	0.758126
572	0.215489	0.503134	-0.0109207	-0.999926	0.723202
573	0.17867	0.472289	-0.00935213	-0.96489	0.680623
574	0.188598	0.48754	-0.0110396	-0.981939	0.694036
575	0.287496	0.498804	-0.00915697	-0.976197	0.774046
576	0.194138	0.475953	-0.00799485	-0.956659	0.682839
577	0.237172	0.496778	-0.00865354	-1.00066	0.749704
578	0.141124	0.484017	-0.00883585	-0.98494	0.650883
579	0.164751	0.495522	-0.00910035	-0.994416	0.672746
580	0.144813	0.500251	-0.0108059	-1.02071	0.676077
581	0.183518	0.528269	-0.0107365	-1.04836	0.714341
582	0.155971	0.537161	-0.0113795	-1.06824	0.698434
583	0.247	0.52293	-0.00963795	-1.03183	0.765538
584	0.24167	0.509834	-0.00953518	-1.02824	0.769607
585	0.232917	0.514359	-0.00945937	-1.02264	0.750656
586	0.184134	0.494488	-0.0119857	-0.982934	0.684566
587	0.266524	0.492076	-0.00915077	-0.990607	0.774206
588	0.217094	0.485949	-0.00938993	-0.973717	0.714252
589	0.236214	0.479513	-0.00952342	-0.966942	0.733167
590	0.217631	0.490723	-0.00859555	-0.986794	0.722298
591	0.205331	0.48557	-0.0105161	-0.987867	0.718144
592	0.198086	0.502482	-0.0110327	-1.02539	0.732022
593	0.174186	0.499537	-0.00788536	-1.01372	0.696253
594	0.152997	0.501617	-0.0103963	-1.01001	0.671786
595	0.194193	0.509082	-0.00847123	-1.02876	0.722344
596	0.190839	0.493322	-0.0075135	-0.995875	0.700906
597	0.214509	0.502148	-0.0103507	-0.995636	0.718348
598	0.243548	0.5181	-0.00766389	-1.03311	0.766217
599	0.220867	0.510229	-0.0113783	-1.03653	0.758549
600	0.200343	0.53784	-0.0121	-1.06122	0.735825
601	0.279078	0.482961	-0.00835142	-0.961061	0.765529
602	0.267166	0.498379	-0.00744211	-0.997718	0.773946
603	0.233447	0.493932	-0.0101869	-0.995572	0.745274
604	0.235253	0.50534	-0.0127463	-1.01215	0.754809
605	0.25586	0.509759	-0.0122497	-1.01725	0.7756
606	0.296071	0.483651	-0.00935317	-0.967717	0.78949
607	0.255453	0.519149	-0.00909617	-1.01886	0.764258
608	0.241969	0.508461	-0.00735423	-1.03494	0.775804
609	0.214751	0.518776	-0.00756349	-1.0267	0.730234
610	0.196594	0.518265	-0.0102471	-1.02694	0.715516
611	0.222242	0.49848	-0.00936856	-1.00227	0.735403
612	0.199339	0.484384	-0.0131822	-0.998727	0.726864
613	0.247412	0.496026	-0.0111247	-0.992625	0.755136
614	0.242158	0.490587	-0.00717201	-0.984651	0.743395
615	0.15685	0.509646	-0.0103484	-1.02974	0.687289
616	0.175281	0.497893	-0.0115315	-0.984949	0.673868
617	0.251609	0.504635	-0.01075	-1.01608	0.773804
618	0.165821	0.509397	-0.00961886	-1.02359	0.689629
619	0.257248	0.480187	-0.00804991	-0.972295	0.757406
620	0.216832	0.487245	-0.0103425	-0.986786	0.726715
621	0.247084	0.496451	-0.0111603	-1.00158	0.763375
622	0.268469	0.489049	-0.0140356	-0.990052	0.783507
623	0.163133	0.487491	-0.00922182	-1.0029	0.687766
624	0.251632	0.493357	-0.00900479	-1.00258	0.769856
625	0.162498	0.479864	-0.00780674	-0.972793	0.663233
626	0.259047	0.483272	-0.0104321	-0.979169	0.765377
627	0.219899	0.508505	-0.00933756	-1.00312	0.723854
628	0.225037	0.486427	-0.0113728	-0.974922	0.724905
629	0.230877	0.51357	-0.0123428	-1.03346	0.763109
630	0.18926	0.504591	-0.0110449	-1.01176	0.70747
631	0.180637	0.519778	-0.010546	-1.03113	0.702537
632	0.281049	0.504009	-0.0131838	-1.01304	0.80326
633	0.156292	0.506648	-0.0107489	-1.02457	0.684966
634	0.243884	0.477291	-0.00929059	-0.97658	0.752464
635	0.172415	0.46792	-0.00932437	-0.962906	0.676725
636	0.18472	0.499724	-0.00945641	-1.007	0.701455
637	0.204578	0.484034	-0.0130062	-0.99086	0.72441
638	0.164365	0.511522	-0.0112377	-1.03839	0.702473
639	0.168167	0.501048	-0.00795857	-1.01159	0.686663
640	0.223513	0.489684	-0.00998984	-0.98539	0.729209
641	0.211667	0.500462	-0.00672996	-0.993107	0.711042
642	0.219389	0.510722	-0.0101748	-1.01191	0.730753
643	0.228017	0.493273	-0.0091679	-0.988017	0.73193
644	0.266626	0.504143	-0.0107715	-1.01754	0.790791
645	0.222925	0.495064	-0.00811756	-1.00834	0.744321
646	0.214557	0.499868	-0.0109157	-1.00969	0.735296
647	0.223667	0.517109	-0.00911854	-1.01669	0.73237
648	0.23725	0.505615	-0.0129462	-0.995541	0.740122
649	0.265559	0.495256	-0.00902375	-0.996375	0.775702
650	0.236822	0.497381	-0.0106392	-1.00585	0.755933
651	0.241755	0.489356	-0.0125688	-0.991371	0.756338
652	0.17898	0.507169	-0.00949925	-1.01225	0.693562
653	0.159651	0.505913	-0.0106431	-1.01926	0.683638
654	0.178293	0.528242	-0.00846984	-1.04314	0.701666
655	0.212667	0.519497	-0.00852099	-1.03679	0.738484
656	0.19677	0.494886	-0.0114963	-0.990765	0.704145
657	0.323244	0.480088	-0.00924479	-0.953134	0.805535
658	0.220402	0.513613	-0.00686354	-1.01683	0.730486
659	0.268653	0.498115	-0.0099882	-0.9886	0.769126
660	0.242569	0.503109	-0.0101254	-1.01933	0.768915
661	0.191004	0.527444	-0.00768515	-1.04553	0.716779
662	0.187372	0.49841	-0.0112432	-1.01173	0.711938
663	0.206338	0.504122	-0.0106909	-1.01583	0.728735
664	0.138289	0.509915	-0.0118995	-1.03037	0.670647
665	0.230891	0.486805	-0.0126008	-0.979368	0.736054
666	0.244265	0.495058	-0.0100929	-0.983817	0.743117
667	0.189335	0.497599	-0.00801108	-1.0024	0.702144
668	0.245546	0.50576	-0.0105885	-1.00902	0.75939
669	0.229677	0.487761	-0.00787593	-0.988539	0.738331
670	0.250718	0.499125	-0.010896	-1.01636	0.778853
671	0.188384	0.493704	-0.0111392	-0.980155	0.685974
672	0.21795	0.52824	-0.00950867	-1.03758	0.736803
673	0.282128	0.47741	-0.00901205	-0.963188	0.776919
674	0.211188	0.497519	-0.00824504	-0.993801	0.715715
675	0.239036	0.480847	-0.0113668	-0.967959	0.737514
676	0.204982	0.488404	-0.00813186	-1.0022	0.726909
677	0.231114	0.493823	-0.0093509	-0.980092	0.726734
678	0.19389	0.477391	-0.00760405	-0.969536	0.693639
679	0.159271	0.490976	-0.00891513	-0.985348	0.662557
680	0.225301	0.510883	-0.0115199	-1.027	0.752934
681	0.195749	0.493178	-0.00741675	-0.99007	0.700058
682	0.231246	0.475102	-0.00714027	-0.954134	0.717418
683	0.199806	0.507176	-0.0111539	-1.02532	0.729099
684	0.256993	0.485792	-0.0084437	-0.984739	0.764385
685	0.209651	0.489491	-0.00965098	-0.983634	0.713445
686	0.190103	0.489218	-0.00802414	-0.981605	0.690514
687	0.254348	0.496036	-0.00970274	-1.01277	0.780784
688	0.150152	0.530654	-0.0107951	-1.03943	0.669727
689	0.178021	0.542113	-0.012761	-1.07184	0.720511
690	0.220148	0.51792	-0.0117645	-1.04084	0.754836
691	0.151344	0.499281	-0.00883613	-1.00883	0.669734
692	0.230308	0.504055	-0.00880493	-1.00923	0.744285
693	0.221639	0.492318	-0.00844696	-0.996787	0.734556
694	0.22745	0.512289	-0.00760425	-1.02208	0.744848
695	0.190525	0.496738	-0.00801777	-0.993914	0.695719
696	0.219595	0.467246	-0.00896174	-0.957594	0.718905
697	0.194704	0.497259	-0.00979732	-1.00004	0.707281
698	0.182786	0.473704	-0.0127893	-0.961083	0.682954
699	0.179111	0.508025	-0.0102566	-1.01379	0.695134
700	0.154166	0.513293	-0.0102516	-1.01738	0.668507
701	0.21725	0.488331	-0.00976186	-0.988028	0.726708
702	0.24499	0.498696	-0.00985508	-1.00803	0.764177
703	0.195912	0.51189	-0.00930966	-1.02764	0.720971
704	0.258075	0.494846	-0.00705696	-0.983771	0.754057
705	0.22092	0.491721	-0.00924231	-0.992888	0.73133
706	0.260216	0.528817	-0.0100596	-1.03284	0.774294
707	0.234806	0.530116	-0.010011	-1.05024	0.764943
708	0.122704	0.509645	-0.0101622	-1.0288	0.652018
709	0.223066	0.506411	-0.0129806	-1.02018	0.749818
710	0.259761	0.488292	-0.00875865	-0.992073	0.772301
711	0.245469	0.5061	-0.0102417	-1.0109	0.760506
712	0.205371	0.487256	-0.00947484	-0.972805	0.700395
713	0.247124	0.528219	-0.00772004	-1.03565	0.762273
714	0.318708	0.496533	-0.0103239	-1.01365	0.846152
715	0.174111	0.488293	-0.00959801	-1.00091	0.696321
716	0.210991	0.501928	-0.00647272	-1.0125	0.728039
717	0.181237	0.488434	-0.0100653	-0.993074	0.695943
718	0.175065	0.473734	-0.00845442	-0.976589	0.686375
719	0.195747	0.484439	-0.00871319	-0.988936	0.708957
720	0.201929	0.473606	-0.00744813	-0.97593	0.7117
721	0.393655	0.482905	-0.00935376	-0.977915	0.898019
722	0.18421	0.492694	-0.010832	-1.00889	0.711241
723	0.230669	0.495057	-0.00994955	-0.991574	0.737135
724	0.209114	0.50946	-0.0128986	-1.01959	0.732145
725	0.237495	0.514655	-0.0100623	-1.02634	0.759237
726	0.231505	0.500579	-0.00714257	-1.00111	0.739179
727	0.216093	0.495756	-0.00994276	-0.988793	0.719073
728	0.216355	0.485709	-0.00807098	-0.974291	0.713008
729	0.209289	0.49455	-0.00790081	-1.00008	0.722724
730	0.164371	0.505783	-0.00968571	-0.997423	0.665696
731	0.223762	0.501345	-0.00914514	-0.990784	0.722345
732	0.162025	0.497339	-0.0110419	-0.987658	0.663385
733	0.147587	0.511557	-0.00885859	-1.01748	0.662368
734	0.19139	0.502237	-0.00995872	-1.00184	0.700947
735	0.190503	0.500963	-0.0108479	-1.00647	0.706855
736	0.201645	0.50783	-0.00824833	-1.0107	0.712766
737	0.24521	0.506278	-0.0116511	-1.01375	0.764336
738	0.289216	0.485413	-0.00887038	-0.973906	0.786579
739	0.25621	0.457336	-0.00928166	-0.939707	0.747863
740	0.170795	0.483835	-0.0100586	-0.992958	0.689976
741	0.226107	0.511971	-0.0134921	-1.00771	0.735342
742	0.280266	0.474659	-0.00563154	-0.975027	0.786265
743	0.199106	0.481048	-0.00808093	-0.994253	0.720392
744	0.255465	0.474473	-0.0112729	-0.97218	0.764446
745	0.191437	0.507668	-0.00742284	-1.01263	0.703817
746	0.174707	0.511066	-0.0109117	-1.01712	0.691672
747	0.217268	0.513875	-0.00871928	-1.02921	0.741322
748	0.174087	0.499761	-0.010529	-1.01371	0.698562
749	0.252033	0.498748	-0.00755458	-1.00917	0.770009
750	0.234829	0.489158	-0.00790127	-0.985367	0.738939
751	0.246177	0.507273	-0.00986417	-1.02014	0.768904
752	0.2319	0.498285	-0.0112331	-0.994559	0.739407
753	0.192	0.499698	-0.00763771	-1.005	0.704944
754	0.129152	0.514114	-0.00917202	-1.03047	0.654681
755	0.211927	0.487435	-0.00860486	-0.98598	0.719077
756	0.195758	0.533008	-0.0110646	-1.02805	0.70187
757	0.161545	0.488428	-0.0102148	-0.992094	0.675426
758	0.21369	0.500773	-0.0129949	-0.993601	0.719512
759	0.230687	0.499842	-0.0103713	-0.993539	0.734756
760	0.246913	0.494867	-0.00901817	-0.988193	0.749256
761	0.281035	0.489708	-0.0063025	-0.994106	0.791736
762	0.215672	0.497841	-0.0118017	-1.00551	0.735147
763	0.199405	0.51267	-0.010471	-1.01987	0.717071
764	0.208551	0.505734	-0.00972758	-1.02309	0.735639
765	0.247668	0.506465	-0.0088521	-0.994981	0.745037
766	0.175845	0.524074	-0.00809967	-1.03261	0.692478
767	0.158453	0.524466	-0.011879	-1.04685	0.692715
768	0.211015	0.493736	-0.00833633	-0.997401	0.723016
769	0.256821	0.486902	-0.00926378	-0.979988	0.759171
770	0.211681	0.509243	-0.0125885	-1.01291	0.727939
771	0.206123	0.48347	-0.0073724	-0.973391	0.703416
772	0.172221	0.497556	-0.0139377	-0.998823	0.687426
773	0.210942	0.503661	-0.00661054	-1.00465	0.718542
774	0.223991	0.481172	-0.00962938	-0.991777	0.744226
775	0.265015	0.488769	-0.00961139	-0.98772	0.773577
776	0.311446	0.534091	-0.0109405	-1.0472	0.835494
777	0.189699	0.515876	-0.0135863	-1.01966	0.707071
778	0.180645	0.506881	-0.00878251	-1.02276	0.70531
779	0.149988	0.537166	-0.00803819	-1.07078	0.691642
780	0.177634	0.520937	-0.0118224	-1.03938	0.707904
781	0.20311	0.529021	-0.00894044	-1.05538	0.738412
782	0.172687	0.491983	-0.00826983	-0.987162	0.676136
783	0.252521	0.495345	-0.0105604	-1.01472	0.782458
784	0.159489	0.489253	-0.00808056	-0.999046	0.677363
785	0.177293	0.4747	-0.00769736	-0.966564	0.676855
786	0.177467	0.472278	-0.00944587	-0.976245	0.690879
787	0.263676	0.496798	-0.00940025	-0.992101	0.768378
788	0.243741	0.512129	-0.0112054	-1.01292	0.755742
789	0.220578	0.513983	-0.0110997	-1.02998	0.747677
790	0.162803	0.483455	-0.00936325	-0.984657	0.673368
791	0.27054	0.483512	-0.00752141	-0.980091	0.774641
792	0.146736	0.507871	-0.0106671	-1.01912	0.668652
793	0.194217	0.519639	-0.0116081	-1.03628	0.722469
794	0.156508	0.505861	-0.0103643	-1.01097	0.671982
795	0.271489	0.504045	-0.0116684	-1.01823	0.797345
796	0.184313	0.480885	-0.0118541	-0.982293	0.697575
797	0.167141	0.468867	-0.00880203	-0.972078	0.679154
798	0.206968	0.515347	-0.0108295	-1.03594	0.738395
799	0.180812	0.51286	-0.0107016	-1.04591	0.724561
800	0.155548	0.491566	-0.00975517	-0.996139	0.669877
801	0.180511	0.499002	-0.0108591	-1.00962	0.701992
802	0.161754	0.4791	-0.0118445	-0.986638	0.681136
803	0.208413	0.48979	-0.00952369	-0.991246	0.719393
804	0.218606	0.502488	-0.00896412	-1.01483	0.739911
805	0.227797	0.488535	-0.00901044	-0.984787	0.73306
806	0.23394	0.510993	-0.0126532	-1.01597	0.751568
807	0.237284	0.493616	-0.00958744	-0.988216	0.741472
808	0.244544	0.492949	-0.0097652	-0.993495	0.754855
809	0.198596	0.487857	-0.00867943	-0.967556	0.686974
810	0.236682	0.477861	-0.00940233	-0.994918	0.763141
811	0.184584	0.484169	-0.00774328	-0.97641	0.684568
812	0.21495	0.470067	-0.0101088	-0.970638	0.725629
813	0.18386	0.477521	-0.00904805	-0.983458	0.698845
814	0.118851	0.489715	-0.0103888	-0.987432	0.626956
815	0.247379	0.481794	-0.00787357	-0.985377	0.758836
816	0.23821	0.500386	-0.00750256	-1.00229	0.74762
817	0.231802	0.512927	-0.00851879	-1.04508	0.772477
818	0.150989	0.500975	-0.011003	-1.02541	0.686425
819	0.209292	0.49082	-0.00727357	-0.995659	0.721405
820	0.212356	0.495381	-0.00962838	-1.00493	0.73153
821	0.180737	0.512032	-0.00836546	-1.03057	0.707636
822	0.191112	0.509565	-0.0061457	-1.03188	0.719574
823	0.237048	0.506164	-0.00840355	-1.00671	0.745994
824	0.281196	0.47708	-0.00832389	-0.972427	0.784866
825	0.215736	0.481228	-0.0105706	-0.98909	0.734169
826	0.192086	0.506822	-0.0109245	-1.00537	0.701554
827	0.276297	0.479642	-0.00815915	-0.979525	0.784339
828	0.189311	0.501054	-0.0111603	-1.00234	0.701759
829	0.207437	0.497589	-0.00690372	-0.984488	0.701239
830	0.202351	0.480906	-0.00788333	-0.980457	0.709786
831	0.222096	0.48747	-0.00764641	-0.999077	0.741349
832	0.197658	0.492311	-0.0131034	-0.999942	0.718393
833	0.186145	0.50454	-0.00977142	-1.01778	0.709158
834	0.226058	0.491739	-0.0105694	-0.999307	0.744195
835	0.261042	0.501229	-0.00915131	-1.00344	0.772401
836	0.194237	0.504012	-0.00993782	-1.02734	0.727505
837	0.226804	0.510888	-0.0107112	-1.01172	0.738348
838	0.206646	0.480026	-0.010381	-0.979747	0.716747
839	0.215012	0.493275	-0.00926341	-0.992101	0.723102
840	0.205399	0.474225	-0.010024	-0.978962	0.72016
841	0.199839	0.465194	-0.0082246	-0.958297	0.701166
842	0.136778	0.488462	-0.00956805	-1.00678	0.664659
843	0.242387	0.510344	-0.0107192	-1.01569	0.758454
844	0.227098	0.508796	-0.00831475	-0.999057	0.725674
845	0.231976	0.512916	-0.0114458	-1.02805	0.758551
846	0.176821	0.512037	-0.00814771	-1.01802	0.690949
847	0.224868	0.509671	-0.0104771	-1.01463	0.740307
848	0.205989	0.508907	-0.0138615	-1.00011	0.711048
849	0.230389	0.518894	-0.00962439	-1.04038	0.761503
850	0.253111	0.534527	-0.00901966	-1.0597	0.787302
851	0.241379	0.511538	-0.0109128	-1.00596	0.746715
852	0.209112	0.52545	-0.00987493	-1.0417	0.73524
853	0.313884	0.505253	-0.0144628	-1.01742	0.840512
854	0.174758	0.512807	-0.00980667	-1.03866	0.710422
855	0.25233	0.52136	-0.0112899	-1.03181	0.774075
856	0.223246	0.513814	-0.0100518	-1.03026	0.749744
857	0.264619	0.512528	-0.0118986	-1.01652	0.780508
858	0.168465	0.506836	-0.00851793	-1.00789	0.678032
859	0.218682	0.507938	-0.00820858	-1.00636	0.725314
860	0.194914	0.507984	-0.00933121	-1.01505	0.711313
861	0.147663	0.505112	-0.00706135	-1.01451	0.664125
862	0.17926	0.494575	-0.008833	-0.992325	0.685843
863	0.19156	0.504439	-0.0113164	-1.02233	0.72077
864	0.257009	0.496121	-0.00775624	-1.0092	0.777839
865	0.285876	0.502263	-0.0122284	-1.01274	0.808576
866	0.235936	0.498139	-0.00933608	-1.01157	0.758707
867	0.203803	0.507821	-0.0104166	-1.02081	0.72721
868	0.207078	0.499986	-0.0120669	-1.00752	0.726678
869	0.324301	0.485559	-0.00678746	-0.964983	0.810513
870	0.261878	0.501806	-0.0107584	-1.00824	0.779071
871	0.203565	0.489851	-0.0103853	-0.995941	0.72004
872	0.225393	0.497016	-0.00713202	-1.00082	0.736329
873	0.251884	0.48633	-0.00936242	-0.984634	0.759551
874	0.223871	0.502268	-0.0111989	-0.985456	0.718257
875	0.291629	0.482564	-0.00894517	-0.96768	0.78569
876	0.246709	0.491916	-0.0128446	-1.00031	0.767953
877	0.248161	0.485355	-0.00885924	-0.99591	0.767576
878	0.118742	0.532445	-0.0114702	-1.06418	0.661945
879	0.253397	0.509314	-0.0139618	-1.01905	0.77709
880	0.221526	0.507729	-0.0104915	-0.999904	0.724193
881	0.196564	0.48517	-0.00901028	-0.982776	0.70318
882	0.178064	0.516115	-0.0119676	-1.02401	0.697927
883	0.182623	0.499008	-0.0084448	-1.00672	0.698784
884	0.220582	0.491811	-0.00899736	-0.994257	0.732026
885	0.200391	0.515721	-0.0117724	-1.02968	0.726127
886	0.165675	0.515683	-0.0101525	-1.02319	0.683339
887	0.191941	0.495233	-0.00898152	-0.995266	0.700955
888	0.230197	0.48204	-0.00977987	-0.981941	0.739877
889	0.222489	0.500068	-0.00901249	-0.988659	0.720092
890	0.261159	0.506019	-0.0091552	-0.995346	0.759641
891	0.284768	0.499344	-0.00856951	-1.00595	0.799944
892	0.252199	0.488016	-0.00736946	-0.985093	0.756647
893	0.219115	0.482187	-0.007434	-0.983783	0.728145
894	0.150384	0.486857	-0.0112173	-0.98592	0.660665
895	0.25653	0.505087	-0.00904214	-1.00167	0.762153
896	0.216763	0.511046	-0.00928204	-1.01495	0.729948
897	0.313433	0.514823	-0.00914152	-1.00959	0.817337
898	0.161243	0.520908	-0.00919051	-1.03595	0.685479
899	0.259221	0.514536	-0.00922516	-1.02209	0.776005
900	0.163535	0.485323	-0.0114392	-0.993419	0.68307
901	0.189089	0.486893	-0.00882479	-0.991938	0.702959
902	0.175506	0.5165	-0.00964986	-1.01781	0.686463
903	0.253328	0.496693	-0.0137558	-1.00471	0.775103
904	0.222907	0.512429	-0.0103906	-1.0377	0.758566
905	0.272872	0.497476	-0.00972978	-1.00746	0.792588
906	0.321553	0.50265	-0.0105653	-0.986057	0.815525
907	0.257726	0.494553	-0.0119519	-0.998603	0.773728
908	0.202576	0.475425	-0.00860197	-0.9796	0.715353
909	0.239258	0.504745	-0.00979511	-1.00836	0.752673
910	0.189198	0.506696	-0.00977579	-1.02051	0.712787
911	0.138497	0.503612	-0.0106538	-1.02402	0.66956
912	0.172893	0.512037	-0.0111397	-1.0229	0.694891
913	0.241453	0.487746	-0.0111763	-0.992039	0.756923
914	0.275626	0.494501	-0.00734113	-1.00029	0.788756
915	0.287712	0.498516	-0.00985282	-0.999029	0.798078
916	0.269393	0.519375	-0.00847433	-1.03645	0.79494
917	0.175861	0.499907	-0.0100042	-1.00369	0.68965
918	0.151099	0.499251	-0.00983842	-1.01373	0.675421
919	0.246515	0.490404	-0.00824083	-0.991037	0.75539
920	0.257178	0.49268	-0.0106741	-1.00224	0.777407
921	0.250677	0.456974	-0.00527578	-0.954533	0.753511
922	0.279584	0.495099	-0.0077916	-0.992992	0.785268
923	0.221277	0.473846	-0.00871629	-0.961975	0.718123
924	0.156953	0.491313	-0.010488	-0.99769	0.673819
925	0.158089	0.498043	-0.00977625	-1.01966	0.689482
926	0.251842	0.496938	-0.00770799	-0.995319	0.757931
927	0.217552	0.494126	-0.01025	-1.00635	0.740022
928	0.262675	0.472207	-0.011423	-0.971378	0.77327
929	0.226294	0.486291	-0.0111089	-0.985343	0.736455
930	0.249783	0.488047	-0.00987015	-0.993229	0.764835
931	0.245561	0.47893	-0.00998249	-0.987759	0.764373
932	0.248908	0.493767	-0.0104048	-0.987487	0.753034
933	0.216669	0.490381	-0.00937693	-0.99784	0.733506
934	0.249474	0.46338	-0.00941839	-0.961199	0.756711
935	0.207757	0.489976	-0.0102514	-0.977645	0.705677
936	0.285155	0.497909	-0.00990097	-1.01962	0.816764
937	0.210574	0.508465	-0.0123452	-1.02516	0.739613
938	0.258653	0.50166	-0.0100317	-0.993652	0.760676
939	0.169161	0.488711	-0.0101245	-0.996988	0.687564
940	0.247674	0.491905	-0.00799289	-0.98923	0.752992
941	0.270791	0.500762	-0.010792	-1.00637	0.787189
942	0.218233	0.493922	-0.00899638	-1.00231	0.735616
943	0.293459	0.521877	-0.0115298	-1.0501	0.833215
944	0.213323	0.495554	-0.0120235	-0.994449	0.724242
945	0.217541	0.490102	-0.0079928	-0.99059	0.726022
946	0.237448	0.483379	-0.0115418	-0.994563	0.760173
947	0.192551	0.482474	-0.00972333	-0.975706	0.695507
948	0.220926	0.479533	-0.0054476	-0.984777	0.731618
949	0.251118	0.493739	-0.0111434	-0.998313	0.766835
950	0.212668	0.503881	-0.00911246	-0.997603	0.715503
951	0.221575	0.463334	-0.00745528	-0.963059	0.728755
952	0.268476	0.517678	-0.00981414	-1.01745	0.778059
953	0.18263	0.484507	-0.0110666	-0.97638	0.68557
954	0.173963	0.493857	-0.00786127	-1.00438	0.692351
955	0.171896	0.493373	-0.00926475	-0.999469	0.687256
956	0.239894	0.476358	-0.0126817	-0.964516	0.740733
957	0.142718	0.488693	-0.00748836	-0.991405	0.652918
958	0.226865	0.49224	-0.00909433	-0.994001	0.73772
959	0.234267	0.502663	-0.00740036	-0.996459	0.735464
960	0.209602	0.505992	-0.00947052	-1.00187	0.714952
961	0.353947	0.501624	-0.00922305	-1.00768	0.86923
962	0.294463	0.497543	-0.0108629	-0.98923	0.797014
963	0.267084	0.504225	-0.0101029	-1.0134	0.786367
964	0.198378	0.479357	-0.00876168	-0.971201	0.698984
965	0.196315	0.486529	-0.00805363	-0.983201	0.701041
966	0.20119	0.488324	-0.00888354	-0.99023	0.711979
967	0.201474	0.480117	-0.0125838	-0.979628	0.71357
968	0.200347	0.496031	-0.0089743	-0.988175	0.701465
969	0.188578	0.508596	-0.0105804	-1.01718	0.707741
970	0.219158	0.482057	-0.0119478	-0.980938	0.729987
971	0.212466	0.495534	-0.00733868	-1.00148	0.725755
972	0.219029	0.487618	-0.00983266	-0.99109	0.732333
973	0.264689	0.517269	-0.00952083	-1.03695	0.793889
974	0.261148	0.50256	-0.0108113	-1.0081	0.777496
975	0.215033	0.511774	-0.0130742	-1.0181	0.734437
976	0.21404	0.498368	-0.00768534	-1.01182	0.735181
977	0.285164	0.489492	-0.00868667	-0.980251	0.784608
978	0.243146	0.481917	-0.00791604	-0.972096	0.741241
979	0.153025	0.487353	-0.0078599	-0.980677	0.654208
980	0.269819	0.495643	-0.00915528	-1.00543	0.788757
981	0.189037	0.482083	-0.00693493	-0.97606	0.68995
982	0.270026	0.456137	-0.00967337	-0.943055	0.766617
983	0.213528	0.491106	-0.0112502	-1.00687	0.740538
984	0.22776	0.497333	-0.0112717	-0.98636	0.728059
985	0.182515	0.495557	-0.00883103	-0.987724	0.683513
986	0.27661	0.50713	-0.00900875	-1.02401	0.802501
987	0.226875	0.500703	-0.010543	-1.00334	0.740054
988	0.181449	0.482238	-0.00976803	-0.982697	0.691676
989	0.167497	0.501219	-0.0107248	-1.01026	0.687259
990	0.210392	0.465493	-0.00749561	-0.951405	0.7038
991	0.218687	0.456328	-0.00559692	-0.934983	0.702939
992	0.202028	0.505557	-0.0117904	-1.02631	0.734569
993	0.244445	0.515112	-0.0074089	-1.03153	0.768267
994	0.165613	0.517311	-0.00806423	-1.02329	0.679656
995	0.235714	0.493493	-0.0111441	-0.999751	0.753116
996	0.17349	0.489463	-0.00917215	-0.987987	0.681186
997	0.282841	0.519612	-0.00858724	-1.0291	0.80092
998	0.197381	0.486094	-0.0101609	-0.961095	0.682543
999	0.264131	0.504556	-0.00924275	-1.01857	0.787388
